14 6 19 15 -13010
-6 22 -19 14 -12344
21 8 10 14 -11114
-5 -13 -24 -20 -11804
-1 10 6 5 -12702
-24 -2 -24 21 -11866
8 -2 4 2 -11290
8 -11 5 -15 -11420
-2 3 -1 7 -12390
6 -12 8 -10 -10820
-14 17 -19 11 -10578
6 3 6 5 -10798
1 -17 2 -20 -10682
15 23 14 21 -4952
7 14 5 8 -11926
-18 7 -17 0 -11738
20 -11 8 -7 -12516
5 -24 2 -17 -10928
6 -6 -5 -8 -11640
16 -19 19 -19 -6620
-5 18 -17 17 -11128
8 -5 12 -10 -11812
3 -10 3 0 -14052
6 19 3 10 -12922
12 0 19 -3 -11414
-9 -3 -9 2 -11960
2 22 2 17 -9848
-9 -8 -4 -9 -10684
-18 -5 -22 -11 -10276
-15 -11 -16 -20 -12278
1 -12 2 -12 -7616
8 0 22 3 -11718
11 -24 9 -18 -9476
14 0 21 -2 -9892
-7 -2 -15 -6 -11938
5 17 -15 22 -12748
13 20 12 16 -10650
10 5 22 7 -10320
16 2 13 6 -10562
-7 11 1 7 -12072
-16 18 -9 19 -9314
-24 -21 0 -22 -9862
23 -5 5 -3 -12278
21 18 -9 20 -12984
10 11 -5 10 -11816
-8 10 -23 9 -10264
-16 22 -10 11 -12328
-23 -6 -9 -2 -11342
17 -7 14 3 -12944
11 -23 0 -23 -8940
22 -4 3 -5 -12464
-7 1 -3 2 -10818
-20 19 -2 17 -12238
-6 -21 17 -22 -12184
-8 -2 -19 -7 -12678
-20 -18 -7 -21 -10400
11 17 12 16 -8708
-16 5 -24 -6 -11474
16 9 20 11 -8992
6 -8 11 -15 -12806
3 -12 8 -9 -11588
4 15 1 10 -11880
-20 -13 -24 -4 -10334
10 5 24 0 -11364
8 22 9 20 -6988
-14 3 -13 10 -11642
0 15 -14 12 -12434
10 -5 22 -12 -12668
-18 -8 -23 -18 -11860
10 8 -2 13 -12742
-1 -6 -5 -6 -10034
-19 -11 0 -11 -12472
1 4 8 2 -11472
-10 -7 -11 -4 -10726
-12 -3 -11 -10 -12712
10 -7 6 -11 -11944
-11 15 -13 7 -11944
-16 11 -5 6 -12532
-6 12 -22 23 -11990
-20 -14 -12 -16 -9240
17 -20 7 -18 -9682
-1 -14 -21 -14 -12544
-21 12 -21 11 -8430
5 16 11 17 -8972
-21 17 -23 7 -11444
-15 -11 -24 -18 -10902
-10 12 -5 5 -12448
-8 16 5 18 -12044
4 -2 6 -1 -10302
7 -2 8 6 -12608
-1 -8 -9 -7 -11792
16 -10 21 -22 -11474
9 -16 6 -23 -11956
-6 5 -6 3 -11186
23 15 13 8 -11906
-21 1 -19 -5 -11308
-7 5 7 7 -12216
13 -5 11 -8 -10502
9 -10 -12 -7 -12536
16 0 17 -2 -10022
-6 2 -20 3 -12632
23 18 22 -20 -12626
13 22 19 21 -6912
4 -13 23 -19 -12522
23 15 -3 18 -12206
4 -17 -14 -15 -12546
-7 0 -1 -1 -10994
7 -6 7 -12 -12280
1 21 -6 21 -7842
18 9 10 6 -11130
-14 -23 -19 -13 -11954
10 -8 -2 -11 -12284
6 -11 13 -10 -10062
-4 -23 -4 -18 -9730
8 -15 3 -21 -12466
5 9 21 13 -12662
-1 6 -14 8 -12426
0 16 -16 21 -12578
-17 14 -20 4 -11538
-17 10 -10 14 -10866
11 1 22 -3 -12206
12 -21 -5 -18 -11932
-17 12 -4 17 -13138
-4 23 -10 -12 -14038
-5 3 -5 1 -11468
-7 -23 22 -22 -11610
14 2 7 8 -12034
9 3 2 8 -12772
19 5 -9 16 -14334
0 4 12 1 -12168
-18 -5 -9 -10 -11882
3 -21 -14 -23 -10134
-1 -11 19 -12 -12606
-6 0 -1 5 -12540
17 -18 19 -15 -8924
-16 -16 -4 -22 -12022
19 9 21 16 -10824
-15 5 -21 4 -8454
-2 19 -9 13 -12842
-2 -20 1 -14 -12458
-8 4 -9 0 -11656
5 -18 8 -17 -9248
-12 -14 -3 -10 -11508
-10 15 11 18 -13116
-12 14 -23 22 -10234
-6 14 -23 15 -10350
20 -24 -18 -21 -11396
6 23 -1 19 -9064
4 17 -11 17 -12376
1 15 -8 17 -10430
-4 0 -7 -1 -11360
-7 -8 -18 -24 -12436
-20 21 -10 17 -9606
-9 -5 -10 -2 -11050
0 -9 -2 -7 -10936
0 5 2 5 -8476
-3 -4 -4 -1 -11382
-16 3 -13 6 -10396
-1 4 2 6 -11226
-16 23 -21 -4 -12684
-8 1 -24 -1 -10528
8 -8 9 -9 -9408
-10 2 1 3 -12172
10 -4 4 -9 -12770
12 6 5 2 -12124
10 14 20 23 -10718
1 -13 2 -7 -12728
3 3 -1 -2 -12470
3 17 11 15 -10094
4 7 12 12 -12564
-9 3 -17 4 -10782
-24 22 0 21 -10306
-14 6 -8 1 -12404
-8 -20 3 -13 -12520
2 19 -14 21 -11832
13 15 -8 16 -12790
-4 -23 -24 -14 -12362
-16 14 -10 17 -10594
-20 15 3 23 -12808
14 21 -24 17 -12250
-10 11 -4 12 -9438
24 -12 -4 -7 -12862
10 12 12 6 -11578
-8 17 -4 21 -9934
-20 7 -10 1 -12414
1 -21 -13 -17 -11858
12 -14 22 -21 -10674
-7 -23 -6 -19 -8590
14 20 13 15 -11202
3 -15 18 -23 -12522
7 -19 15 -13 -12640
23 16 -14 15 -12978
-13 -14 -14 -9 -11368
-14 3 -14 13 -12316
23 14 8 8 -12612
6 -10 -2 -11 -10136
18 3 12 -2 -12350
-9 -3 10 -5 -12076
8 -23 7 -19 -9148
-22 -9 -7 -9 -10528
-5 -9 2 -13 -11458
-5 0 -9 -2 -11574
-9 22 -5 18 -8404
4 9 14 6 -12336
-22 -23 -23 -11 -11056
17 2 23 6 -9014
11 -1 11 3 -11722
20 -9 9 -8 -10338
23 10 0 12 -12598
-4 11 -17 -15 -14354
-19 21 11 21 -12724
-8 1 -12 0 -9576
-14 -7 -2 -7 -11660
8 -1 19 3 -12660
16 -23 19 -24 -4234
13 -18 -11 -22 -12366
-7 -5 -21 0 -11960
-2 -21 20 -18 -13168
18 -15 6 -12 -11500
14 16 18 17 -7694
0 21 6 22 -7668
23 22 15 3 -12726
7 -20 -4 -20 -9938
0 19 3 9 -12934
-16 -7 -24 -14 -10090
8 0 14 -2 -9940
-20 -24 23 -13 -12278
23 -4 16 -5 -6636
2 -22 13 -17 -11488
-9 -10 -7 -14 -11378
-10 -15 -14 -15 -7306
-15 1 -19 13 -13104
2 6 11 6 -10602
-23 13 -16 8 -10062
14 -18 -10 -17 -12706
5 -10 6 -15 -12170
-3 7 -20 6 -12404
12 2 -16 2 -12686
10 -11 20 -18 -12032
-12 -10 -19 -11 -8542
-24 2 -14 5 -8966
5 4 20 3 -11254
2 10 20 23 -13138
23 21 15 16 -7742
3 -9 -2 -7 -10606
16 12 7 8 -12070
12 -8 11 -2 -11620
12 -5 9 1 -12158
-2 -9 -8 -11 -10864
11 -11 17 -4 -11862
23 0 22 4 -9588
-2 -19 7 -14 -12152
6 -9 -7 -12 -12544
-23 -18 -12 -20 -8456
9 9 15 7 -10326
11 22 22 18 -9730
4 -10 -23 -15 -12908
3 4 0 6 -11158
9 8 -24 12 -13010
1 8 1 3 -12750
-1 -12 0 -11 -9666
-19 -16 -24 1 -12836
-6 12 2 17 -12744
-11 -1 3 -1 -12570
1 -19 -12 -20 -10090
-24 -24 -17 14 -12566
21 2 20 -14 -12630
17 -10 20 -3 -10588
16 18 23 16 -6692
18 -5 16 23 -12966
-14 -6 1 -5 -12702
-4 2 -13 6 -12686
20 4 22 3 -6500
4 3 7 8 -12112
8 19 0 23 -8158
-11 1 -10 -2 -10912
0 -19 -5 -23 -8842
-7 -5 -6 -3 -11328
-3 6 22 9 -12722
-1 -19 2 -22 -9034
11 13 10 23 -11790
13 -5 21 4 -12762
-20 0 -24 -7 -10816
5 23 18 17 -10322
-4 3 -2 -2 -12522
-14 -3 -16 -1 -9502
12 -11 9 -9 -10310
-17 1 -17 5 -10878
-4 -7 -6 -9 -11418
-14 -22 -4 -21 -7996
-3 -3 -12 2 -12626
0 -6 -23 -6 -12392
8 0 1 5 -12644
-21 -7 -13 -3 -10656
-24 22 -23 20 -4328
5 -23 1 -23 -7176
-5 17 -4 22 -9858
-11 -6 -3 -10 -12098
-21 -13 11 -14 -12880
9 -17 1 -17 -9316
-8 17 -8 13 -11378
-7 5 -5 7 -10226
6 10 9 8 -10108
-5 -15 -3 -17 -10764
-19 0 -12 6 -11806
-13 -10 -3 -5 -13058
2 -11 0 -16 -12350
-10 -12 -22 -3 -12758
-22 -8 -6 -12 -11972
4 16 -2 22 -10642
-21 -7 -21 0 -11856
17 6 17 9 -9832
6 23 -11 21 -10150
0 6 -4 9 -11498
-4 3 -18 4 -12592
10 -16 22 -16 -9926
-17 -14 -24 -10 -8104
-23 -1 -23 4 -9110
5 8 -2 10 -10782
19 -6 22 -11 -10256
5 21 19 12 -12804
-2 -14 16 -11 -12812
-3 -8 0 -6 -11256
-10 23 23 23 -10080
-19 23 15 19 -12200
6 -13 7 -14 -9950
-5 -11 -6 -8 -11164
-6 7 3 6 -11528
-10 14 8 13 -12704
16 9 13 10 -8168
23 0 22 11 -11932
11 3 6 -1 -12148
-22 17 -20 13 -9294
20 -16 -7 -16 -13192
19 17 0 14 -11778
4 12 12 13 -10220
5 -8 24 -9 -11274
-8 2 -9 8 -12426
17 -4 2 -5 -12324
-16 -17 -8 -19 -9294
-12 12 -9 19 -12280
1 -8 4 -3 -12760
-13 15 5 18 -13154
21 -8 23 10 -12762
-3 -13 -1 -16 -11660
16 11 23 18 -10156
-12 -13 -7 -18 -11446
19 -24 0 -22 -9900
10 -16 4 -11 -12446
-10 7 -20 5 -10772
-22 5 -23 15 -11340
13 -20 13 -16 -10364
-1 -11 -9 -14 -11330
23 -7 0 -2 -13130
-2 -3 4 -1 -11840
1 -14 2 -15 -10124
15 13 18 6 -11594
-9 1 0 1 -11768
-1 -13 2 -16 -11732
3 7 -24 9 -12536
3 -16 6 -22 -12052
-21 -13 -22 -19 -10332
-8 2 6 2 -12652
-7 9 -12 18 -12228
-7 -2 0 -6 -11732
-14 -17 -24 -20 -7600
8 7 12 15 -13008
7 -6 11 -2 -11506
-22 0 -17 -2 -7962
-16 -2 -22 8 -12296
8 -18 22 -15 -11564
-5 12 -13 7 -11304
-16 -21 19 -22 -12492
8 0 23 -3 -12420
10 -24 16 -16 -10776
1 12 -8 23 -12696
4 6 20 16 -14462
-5 8 -2 9 -9154
-8 5 -19 9 -12040
16 -11 22 -20 -10962
-20 15 -9 16 -10048
-9 8 -1 7 -10990
-23 11 -5 21 -12566
21 9 18 2 -11400
-12 -3 -24 -20 -13070
12 21 16 10 -12802
3 -14 11 -20 -12428
18 12 21 12 -5908
22 -18 -1 -22 -12786
-4 -15 14 -20 -13042
-12 3 -24 2 -9384
17 -17 18 -18 -8154
2 -3 14 -2 -11512
21 -11 8 -17 -12088
-9 -4 -12 -1 -10786
21 3 13 7 -9856
-13 -11 -18 -5 -12174
22 -8 14 -17 -10342
-2 8 15 7 -12780
0 -18 -2 -15 -11368
-20 -17 -19 -11 -11236
-15 -11 -17 -7 -10814
-5 20 -3 12 -12526
-7 11 3 15 -12510
-14 10 -19 14 -10408
-24 13 -12 5 -11678
10 -18 -23 -22 -11930
4 13 -6 14 -10554
5 8 15 4 -12416
-8 9 -5 10 -9590
-1 7 7 5 -11544
-23 16 -16 8 -12018
-7 -23 -9 -15 -11504
23 -13 18 -6 -10654
23 0 -13 -2 -12566
7 -1 -2 2 -12058
0 -17 14 -24 -11508
-10 -9 -4 -14 -12258
20 18 15 20 -8214
-6 -3 -4 -1 -11748
16 21 7 18 -8294
23 21 -21 13 -12966
2 -8 15 -6 -12172
-5 -6 2 -6 -10426
9 -20 21 -13 -12620
16 -5 7 -8 -11354
-6 -14 -11 -15 -8612
20 -2 21 -15 -12138
-5 17 -10 11 -12494
5 -4 -2 -5 -10426
3 0 -3 -4 -13030
-15 17 -12 16 -8554
7 -19 -14 -16 -12916
3 -5 -1 -2 -11602
4 -1 8 1 -11190
-24 5 -23 -23 -12506
-4 22 21 23 -9418
-6 -14 -4 -17 -11450
-20 -18 -13 -17 -7798
-7 -24 21 -19 -12520
-24 7 17 10 -12750
0 12 4 24 -12754
-2 8 4 14 -12178
16 14 3 15 -11188
23 16 -7 20 -12994
18 -2 17 -5 -9030
-10 -16 4 -20 -12216
-7 3 -6 1 -11576
-22 -5 -2 -5 -12202
-6 5 -1 9 -11550
19 -18 7 -20 -10620
-1 -4 0 -1 -11916
15 -24 17 -14 -10886
-19 -2 -20 -7 -11166
18 0 16 6 -11790
-24 6 -5 6 -11342
5 -3 4 -4 -9896
-13 -12 -12 -18 -11378
23 -10 18 -9 -6404
-2 16 4 23 -10780
-15 -23 -19 -12 -12322
17 -17 10 -17 -9132
4 4 -7 2 -12412
-12 1 -10 2 -9170
14 -3 10 2 -12136
-24 -7 -18 -4 -7834
2 5 -3 6 -10592
-18 11 2 11 -12268
7 1 17 6 -13122
22 11 0 12 -12824
6 -14 -12 -12 -12432
-22 -18 2 -16 -12338
20 -23 -24 -16 -12444
-16 10 -10 11 -9102
0 23 -18 22 -10394
3 17 -18 23 -12466
-13 21 -22 22 -5402
-20 21 1 20 -12354
15 20 11 9 -12906
-17 22 19 20 -12536
-13 -23 0 -21 -9024
21 9 10 21 -13134
-23 -14 -5 -13 -11378
-14 -4 -4 -1 -12580
3 -1 2 -1 -8614
-5 9 -11 11 -9790
-15 -7 11 9 -14466
16 0 19 7 -11768
-6 -10 -5 -7 -11614
-18 -24 -22 -12 -11456
0 1 8 1 -11094
4 19 8 20 -8000
-8 3 0 5 -11668
-1 -5 4 -9 -12158
-4 -2 -18 -1 -11644
-9 -8 -2 -8 -11470
15 5 -6 4 -12830
-21 1 -20 -1 -9066
23 -11 19 5 -12984
11 -12 20 -12 -9182
9 11 1 8 -11032
3 0 23 2 -11934
12 12 -2 18 -12836
13 -5 2 -8 -12430
7 -14 10 -13 -9364
12 -2 19 3 -12416
20 21 23 3 -12198
-13 -7 -12 -15 -12592
1 16 14 11 -12902
17 8 4 11 -12630
-21 19 12 23 -12382
-23 17 -17 12 -9756
