39001	10
28982	13
-81	-5
-81	0
80081	77
-81	1
-1081	0
48014	6
-80	1
-81	0
-27080	-3
2925	-1
-81	0
-81	0
-81	41
-79	35
-2080	5
-15082	0
-81	43
7936	14
6934	1
-3081	-50
-81	0
-81	53
-81	0
-80	28
-81	0
15953	5
-80	4
-81	0
-80	4
14951	1
4931	4
-1078	66
921	2
922	1
18957	3
-5081	-4
-81	42
-80	1
7935	6
-81	0
-81	12
-1081	74
22967	1
65051	11
-81	41
-81	69
7936	4
-81	54
54028	6
8938	2
-79	12
1923	2
1923	63
-81	1
-81	0
922	6
-81	0
-1081	0
-1081	63
47015	33
922	4
-81	-2
-81	0
-81	0
-47083	0
15953	3
-80	4
-81	0
-81	0
-81	0
-81	14
-53082	1
-81	0
-81	1
-81	0
-81	0
11945	16
19960	0
922	1
-81	1
-81	0
931	0
-81	0
31985	0
-81	0
6934	3
-80	58
-5081	2
-81	-4
-81	14
43006	0
-81	0
-1081	0
65052	8
-81	0
-80	3
-1080	1
1923	7
-81	0
-80	1
-81	0
19960	18
2926	9
-81	0
-81	8
-81	16
-80	7
-81	0
-2080	11
-81	4
3927	1
-81	0
-81	0
-6081	1
-81	0
-81	2
-80	4
-81	-2
-81	-1
-81	6
-81	1
1923	2
2926	0
-81	0
-1081	5
6939	0
-81	14
-81	0
-81	0
-2081	-1
-80	1
-2081	0
-81	0
-80	1
-81	0
-81	0
-81	0
42004	1
-81	0
-78	3
-79	2
-81	5
-67083	0
-81	0
-81	0
-81	0
67056	6
-81	2
-79	4
-81	0
-81	0
-80	1
-81	0
-81	0
-81	0
-3081	0
-80	2
-79	2
-79	2
-81	1
-2077	1
-81	0
65049	16
-80	1
-1081	0
-78	3
-81	0
-81	5
-1081	0
-79	2
-79	2
-81	0
-80	0
-81	11
-80	1
-1081	-1
-81	3
-80	1
-81	0
-81	10
-81	17
-81	-3
-81	0
-81	0
-80	1
921	-10
921	5
-81	0
-81	0
-80	1
15951	5
-55082	59
-81	1
-81	0
-81	0
-81	0
-81	41
-79	2
-81	0
-81	3
-80	9
-81	19
-81	0
6936	6
-80	5
-81	0
-81	0
-81	0
-81	0
-1081	0
-1081	0
-81	4
-81	0
-80	1
-81	0
-80	1
-81	3
65051	8
-80	1
-2080	2
20963	3
-79	1
22965	2
-80	-70
-81	0
-81	0
-81	3
-12079	1
-81	0
35991	0
-20080	11
-81	0
-1081	-1
-54080	51
-80	-21
-81	0
-81	0
-81	0
921	0
-81	0
-81	0
-81	0
-81	0
-81	0
-79	2
-80	1
-80	1
921	0
-80	1
-81	0
-16082	5
-81	0
-81	0
-80	1
-1081	0
-81	2
923	1
55030	42
-81	1
-66082	0
-81	0
-80	2
921	3
-79	2
-80	1
-81	0
2925	0
-81	3
-17078	10
-6080	1
-1080	15
-7081	0
-80	1
-81	0
9939	3
-80	9
27977	40
-81	32
-81	0
-16080	1
-81	0
-81	0
-81	0
-81	0
-81	15
-81	33
-81	0
-81	0
-81	0
3927	15
-80	1
-80	1
-81	0
-80	1
-2081	0
-81	-3
-79	1
-81	0
-1081	0
-80	0
-81	0
-81	0
10941	51
-81	2
-81	0
-81	0
-81	0
-3081	-2
-1080	1
-80	1
-81	0
-81	3
-80	1
-81	0
-81	0
-80	1
12946	6
-81	0
-81	-4
-81	0
7936	29
-5081	9
-2080	1
-81	0
-81	0
-5083	-4
921	9
-33084	-1
922	27
-80	24
-1081	0
-79	4
-80	4
-1081	0
-79	2
-81	0
-80	1
-81	0
-81	0
2925	0
-79	2
-5081	-2
-79	2
-81	0
29979	-51
-81	0
-80	4
-12080	5
-81	1
921	0
-81	0
